135
2 250 251
2 205 351
2 173 263
2 248 497
2 246 472
2 241 447
2 239 438
2 209 384
2 243 444
2 238 437
2 224 403
2 161 188
2 167 214
2 168 201
2 169 225
2 229 427
2 171 218
2 232 429
2 178 268
2 179 242
2 191 336
2 176 276
2 227 407
2 220 399
2 157 163
2 215 388
2 216 391
2 211 397
2 206 375
2 183 278
2 223 400
2 228 422
2 222 394
2 202 328
2 184 302
2 253 474
2 194 348
2 126 240
2 142 396
2 186 283
2 150 499
2 160 177
2 152 162
2 127 258
2 143 405
2 148 149
2 207 392
2 174 235
2 247 467
2 137 419
2 140 433
2 244 459
2 164 203
2 122 199
2 245 449
2 134 385
2 22 315
2 8 189
2 14 59
2 13 492
2 12 39
2 4 47
2 2 482
2 1 116
2 32 322
3 172 230 466
3 226 424 465
3 151 159 480
3 110 147 470
3 146 473 476
3 153 180 469
3 131 356 478
3 133 367 481
3 198 364 479
3 125 231 477
3 217 412 456
3 88 166 393
3 200 362 450
3 204 353 446
3 132 360 440
3 115 208 436
3 233 431 453
3 112 175 457
3 114 193 471
3 128 271 435
3 44 120 370
3 100 249 426
3 145 498 425
3 237 442 365
3 119 288 417
3 185 294 460
3 144 445 415
3 135 387 468
3 85 264 413
3 195 345 411
3 130 292 461
3 136 409 386
3 124 324 404
3 95 236 464
3 78 334 389
3 98 298 458
3 102 310 395
3 84 443 398
3 109 277 390
3 138 439 401
3 87 484 402
3 106 486 406
3 29 154 354
3 83 319 383
3 94 371 359
3 82 462 382
3 90 273 408
3 81 108 381
3 77 156 380
3 96 261 379
3 66 266 378
3 117 219 416
3 107 463 418
3 101 113 428
3 52 111 366
3 103 329 432
3 40 414 355
3 5 21 269
3 129 320 373
3 118 475 377
4 3 165 257 485
4 104 451 339 494
4 54 64 325 490
4 57 299 259 493
4 92 448 361 483
4 56 73 335 488
4 121 181 285 489
4 10 210 287 491
4 89 376 346 487
4 123 455 304 496
